489910
 18940
774392
490636
125544
407391
115771
992663
923282
176914
217904
571222
519039
395667
489931
910419
929671
 14821
905169
106919
964371
162885
826865
260493
449574
469447
207499
528121
859340
963637
435682
 60517
596468
191271
961193
666691
479200
199510
841377
885157
954149
948991
521047
379673
178210
530797
483278
222894
390487
289232
889869
683080
929858
581279
967996
587013
844633
439729
693496
196530
287801
849371
271408
806585
794706
694254
 20881
949520
 99558
688909
534210
173223
362990
767582
398744
850112
554972
472860
345568
369395
265676
858765
420352
366813
401492
303229
659399
354070
 64184
411002
797934
224435
408281
880462
737808
631483
425078
806381
858280
164714
411213
395609
766224
578802
345632
483786
751038
 72463
520756
558529
 34753
758469
552060
218232
889259
 18053
324798
125436
830289
391009
527437
549927
391709
 16991
168441
539043
433909
414077
876365
601332
546478
557382
842782
544605
868087
803531
983392
770499
565428
196061
264732
895131
288251
 82312
172227
 38977
149000
774160
979887
509051
163227
192902
822782
882561
630922
 52913
570492
693614
639087
159163
153061
 23167
722331
820464
300526
297311
730943
213313
622952
510109
124870
770462
579941
904582
237209
313840
166922
869073
532257
703235
 80085
436115
520879
230122
712668
307047
789887
850307
582337
767998
552323
619544
692754
211520
231975
373055
891993
233010
858167
772884
506250
432193
465790
336274
399428
117341
270758
953761
137421
 83516
122495
707448
120566
516011
622770
507913
388491
856315
344142
182485
298695
160275
781461
168098
433509
 76798
 26331
888724
899643
 80293
667125
230385
650357
  1206
 86087
265969
582370
216351
150269
527640
937922
 84421
274468
676349
976987
341903
972046
375958
975469
210775
303452
543787
352239
911736
 82465
919847
131249
125372
306614
 73838
  4486
698510
 40930
551935
977363
554184
903144
854707
950218
330984
373614
332976
617921
751217
384729
890197
754119
 97185
 32227
587951
287532
461010
794820
865397
574726
625823
348680
104033
927141
534777
919840
695876
759713
309211
130202
606196
694257
688436
461837
661157
572822
580989
789424
436266
614601
140841
912134
673273
884480
411925
653970
611167
832202
120477
895493
481173
908134
637078
850085
686179
164977
478904
  4334
861754
314329
977593
404823
 98950
922813
899238
392538
 98315
304566
870436
461342
920080
195208
437938
648355
297208
476968
469312
751824
186034
 65475
388197
715972
343457
565788
430083
722554
240167
458556
703197
885241
546142
386783
343946
955696
757661
579471
467529
119126
274327
570502
931660
782287
380131
149441
155049
238384
134295
915496
362097
230986
135699
896705
661452
733018
488900
443498
308413
707114
 70306
  9069
349845
220027
369790
488607
605098
 46506
766053
505220
597609
816996
 83306
402483
619208
838708
672341
731830
582812
951042
 60816
707619
699045
164064
425603
443487
298481
372660
754283
780693
313575
139202
583402
172482
 32983
393994
627841
398042
745858
915471
448676
845481
804830
621065
546155
725293
453784
 24844
909915
854119
490156
699486
110358
583175
461374
217830
473049
 36538
631175
843204
742337
 71548
393954
187922
910828
276914
163883
165783
568156
883676
 20466
827106
205479
679989
553296
 83778
401386
892783
416193
906978
710413
527650
 74495
311718
377135
842910
109203
329980
706773
474582
227773
218238
 37562
226121
823764
345302
780595
690027
526151
562883
919634
678075
684033
373979
696377
902678
143554
883120
945940
474002
991289
337701
692815
555749
161925
 51093
169310
957115
937999
635892
376512
529233
405556
769645
672045
981486
871984
165558
639422
136402
100921
 27140
670531
701413
973990
 28466
275824
351561
850292
780621
126011
289331
461918
820164
224596
476101
657418
386825
412312
414260
685019
645382
612578
699875
993541
550605
841287
562863
721312
254342
 24805
264928
142050
810266
 96779
535112
341533
944513
677381
188615
310033
829364
877861
696614
452864
122338
418792
753141
245017
 14496
302159
819623
385757
669464
735428
218548
345181
228606
870019
594754
637106
508008
187091
466179
501318
619340
 40310
145465
933066
  9391
948290
529661
158831
831995
718641
127294
724794
141273
381077
220431
338033
126566
208776
243924
480390
497107
815229
304827
601055
168451
428021
262075
386328
602866
961545
939801
203617
512326
437375
857278
321649
145457
634041
324253
919966
 48727
587217
872541
218203
 17354
706825
773045
279241
932875
829318
821960
170221
321991
481435
670711
201568
765267
995944
721286
906493
734441
890420
 11894
272150
 43571
 96861
577497
488441
861906
212943
485552
141639
155351
934984
119389
347363
498559
228186
309954
791070
431157
591487
601235
 24128
919270
982355
275498
649643
 27511
581134
761527
224614
606731
595031
702393
803626
659321
728617
268843
 54148
 56535
780695
270216
784670
451242
 66687
236868
544261
554720
 11157
926404
675806
427544
306856
640596
835005
 72323
494720
330675
523416
409980
683444
715750
626142
671462
397822
542452
293452
343222
221769
673445
760465
 67497
984956
908281
860187
317370
731247
312135
 52552
241775
602646
356302
765780
807075
 74187
358863
726211
249515
683259
554796
738935
896815
511062
621852
 73919
617351
194435
641828
210934
511833
173044
286473
201525
975061
209915
483039
317329
924302
962574
936610
971500
816030
527549
664601
123570
 54206
432751
133461
508011
530958
510265
678366
 62853
334512
446328
633806
877117
109358
575787
  6262
824469
160132
665090
579767
805340
153368
 10863
 60930
180936
190214
170392
242103
549922
 98417
 35817
189675
492190
 23312
765650
149057
284028
785264
295168
198727
875120
 14932
761554
682796
610188
777949
200131
104862
276740
257021
294791
475477
 65251
 72190
798761
 71416
939247
988901
481056
186955
730139
 88749
 99527
735712
995289
959201
953136
496189
307682
 96302
 24102
384933
181687
508302
584846
388351
281806
458350
415134
687486
909910
390839
451596
 69688
 21369
348687
774809
936870
181593
607778
328376
 92164
941916
829980
659954
 15089
 87348
767619
275932
519901
 88637
439964
909478
532644
877190
746230
115922
219472
753812
679807
129945
852128
840824
664865
845834
606060
992024
 49167
115023
952453
486093
455894
294436
427520
146408
522463
124635
340756
753870
535757
568551
418373
749248
610912
199557
468998
257656
354705
 91934
905772
410165
404844
937263
362293
786195
842831
287033
699456
555207
240839
404798
416003
557353
 21936
200412
847740
130110
888205
114450
568625
961579
302761
622619
 91559
631006
399343
238011
307501
783192
237115
503289
 98603
 75878
 18518
485409
214389
137805
744423
712245
809574
780019
793577
323480
  7914
614156
 82238
447394
478597
 48794
785129
460681
289943
358616
 80238
840193
239814
150982
 17745
773506
452906
 90680
407245
559467
282193
185973
567681
100399
455104
287702
890796
464363
964585
708113
431672
578941
421021
 27159
158792
607208
453056
221464
 71329
452091
273683
224731
122765
137081
712531
908272
777655
519259
856098
256478
 72291
904844
934778
204418
250232
658008
248790
203390
400076
820441
734762
 85140
 35595
 92144
240478
206590
227249
263235
697404
174292
719327
331989
158924
671481
448396
 96166
106770
 40444
 16415
962621
518976
309108
965865
 84508
939730
293079
154383
705848
194846
253026
132872
770016
456113
342196
193751
431714
 73648
739942
674933
101228
967386
934572
180336
 45304
397231
 92424
609169
370719
615896
829982
273932
424637
249334
991957
931004
260086
246699
230660
247909
835431
895101
280619
 87780
 43430
704016
827266
  4238
498512
929981
779669
508846
250138
134336
574656
998509
235651
445042
863316
711619
337729
128206
560734
719437
369623
665748
775969
753176
175558
782735
581653
617409
304245
771199
931220
 46895
390146
 16847
286668
126606
460199
850897
680879
813676
872932
721308
  5910
675207
492406
206051
292305
687276
  1216
575567
624352
828236
964732
452455
122341
243291
373080
613431
115278
957567
907820
131975
226121
471316
107069
869620
596503
 83612
935815
789670
889033
459806
  7410
689214
 22648
783247
847773
723585
820125
813183
145552
532045
876743
308478
889528
864238
995221
570707
658805
354049
474434
310402
101801
490848
388048
646654
816871
897612
744094
812982
430340
741313
 77638
 61320
657032
472950
596088
331168
523857
122993
470293
482398
738784
 62540
244509
277904
395554
481307
624399
846236
818701
830656
 94641
 54534
374019
133193
916359
 78539
496306
370004
 59435
469164
 19271
122456
535942
184012
131733
267534
418288
377485
929730
804028
549305
224502
585956
821418
581399
690610
615902
214183
518004
955156
584375
991253
372986
144437
866559
933732
912237
138133
754532
913506
696638
475089
283190
401231
806630
803394
638743
564239
696099
894945
908506
883225
596831
976110
232422
401144
774747
 13801
124784
558581
725203
640215
848889
 66915
 87066
599698
247830
423914
653886
957630
361434
485994
365373
823930
492332
977156
573520
 12702
123411
936721
195104
884789
234409
886291
585908
601376
117173
930914
101923
154555
747105
100294
348889
834640
132584
982916
 63939
244274
834637
109297
421725
575770
 25938
600144
312319
630854
 41161
311017
799259
980908
360025
 77157
533569
741007
359844
690481
373137
662502
976155
925288
836774
636573
618028
270071
308383
245147
298897
 19867
 99063
695754
964253
 36930
573588
333344
424339
797061
552604
934787
132934
304751
113013
160721
292629
 82374
726384
864596
412467
716985
398880
440244
495590
382826
106072
 26941
492549
348505
352125
184944
520184
724845
125246
604609
616485
612739
869912
518701
478616
369914
351256
750168
714276
931326
448171
746602
625845
989985
979009
527821
442254
373311
637452
204422
215294
134716
995960
612889
305063
720915
320372
656745
493539
 72531
631590
143457
285747
668908
 48939
263259
884754
337569
954644
368704
659748
114630
930032
382768
665693
564520
731422
988466
918575
745665
797318
734429
682001
443409
908395
328547
978939
382224
657891
685771
906616
876338
332433
746319
103130
781262
651907
687011
891064
668221
571923
911136
206418
859348
 13505
121199
410415
333557
952061
854100
477259
541334
771290
 89733
852680
851253
167593
931701
486086
691850
176658
902765
153445
449544
 86299
 97873
208471
836649
 98249
294031
326504
753028
606484
128989
638431
630846
870805
629650
891287
873860
681772
696329
917670
281073
336719
630393
747857
279124
876479
430554
156529
378581
 68549
376993
300258
516429
 64842
372717
372426
850323
 10784
617986
878999
129743
137393
456332
221579
985057
 29144
649652
763450
347506
827752
915055
449773
741484
105692
287560
354935
375058
 23125
760484
237971
795462
168036
699256
301305
373404
171790
724623
868539
 33329
790915
117639
623759
456345
650843
311538
387874
448360
258430
704529
146720
288022
207496
852736
191207
647399
725227
 83987
781516
112888
837202
710798
705371
424678
464888
314899
464677
300144
711890
 25799
595310
109882
443825
322361
801605
734676
 21592
649041
170113
647465
708961
 57395
716415
636517
842741
158642
914352
614263
327470
904539
658716
640871
396420
101494
320510
632435
866856
106814
168124
220722
309856
856141
448268
884756
653670
227636
847284
784069
744417
761092
886453
689295
299121
919173
 44174
 27813
503413
403113
 43405
340520
229886
516697
794491
380327
482980
210017
941563
673844
212378
228450
824878
614744
 79313
742496
942042
 60657
108775
940570
667790
964986
415549
329518
 74980
790868
353074
906593
188777
326578
501571
941815
901443
 49989
885460
841068
 76957
374266
690010
448015
 82670
947802
533271
186823
 99469
678476
 41739
647918
 82430
305617
 76833
575401
170686
152646
464129
727479
678278
159182
488461
750207
536962
413462
735353
 30003
207500
184256
 82889
471895
627705
886024
778020
288100
723503
501877
567422
175521
373552
735981
795417
710924
488466
570367
230092
399000
 42425
960661
133644
571229
478003
121097
754093
252392
894251
221226
982919
186774
823633
345049
396775
447560
205127
247897
281339
440606
368840
787191
521490
657714
461721
900254
434374
234754
764498
655728
720560
226386
776669
214666
713379
521869
779447
503217
 17649
495360
825766
 20878
446401
809325
751994
486622
887826
271094
857734
959771
364567
280342
358133
663301
 83599
199160
577332
984347
717330
926630
122251
 29987
505193
 66232
952607
675956
 19859
337108
346114
261772
603370
299168
247053
957801
545844
 37214
381900
358143
 53048
180687
827476
 37754
929016
523356
425080
653082
686030
551212
548323
662510
486643
387010
252902
896284
921094
 16371
763279
 15115
128294
173020
584288
362503
179753
929719
264899
837893
963153
866616
986905
196070
 25939
670192
703064
612814
969158
153688
507194
447611
 17920
983829
283035
881320
337252
848848
449146
509995
510707
409303
793896
 35649
354028
135803
977605
910545
897250
 56779
268152
163693
936039
514579
471866
666541
 26688
259635
823286
779407
179066
600132
805374
661050
787958
868582
486031
520813
535625
166853
977272
746112
 97014
207707
 50157
147623
483979
 83533
771619
530306
775958
961976
268545
420518
801962
 33286
370018
 57749
 62367
515723
930335
694111
808866
162989
 93474
835528
737078
511661
623918
305618
188701
 56745
699228
916626
108726
649945
236575
 91287
258089
677928
908377
995355
343320
996814
491514
612594
792080
174309
 90042
722330
877128
322351
 73120
924259
771177
690828
277877
696021
901152
236885
141165
966092
662841
584512
944695
837914
155483
145571
284789
910715
100765
686098
210988
108301
521817
290678
217018
 49189
 75189
502868
413134
769745
152399
401110
760595
 46574
997557
507244
207060
655242
123692
718707
925925
649448
252768
905672
633154
148117
853050
420841
131895
177435
102329
532312
818192
830677
766663
708842
870358
380747
 51676
762089
240078
  8662
957075
 81795
365073
495797
 44952
587616
731168
568517
818540
565226
 25856
580893
100513
254524
645959
874525
898505
914217
748755
464062
250459
 99746
868932
662824
453501
 60479
363003
885019
897455
487264
588317
139339
447721
322913
775550
663324
952135
985860
 11584
738670
982565
151188
613939
974756
364363
183413
448408
250961
395444
421876
418327
 67931
911639
782250
436921
273772
516100
556665
683403
  3196
357921
870103
839020
196007
818759
982190
301022
245837
346158
511195
 80497
170908
458359
701001
204301
195625
637805
 51984
961808
785159
429167
993220
263978
984730
562598
786098
715219
381122
334048
518390
737814
126045
791887
872999
234152
239253
502669
337079
823810
843939
798793
654894
650476
 77701
446929
621740
118031
169476
618469
766439
685552
576153
891882
 76381
 27810
132132
771761
681752
450797
880934
870448
334564
441117
630037
465539
593280
623550
298402
620184
855269
202876
810782
432978
767045
174037
633664
270398
 86152
199007
 44810
 27077
768797
 69187
881657
557894
913731
 98976
823428
430693
205615
629107
227604
 59614
670026
 57638
163483
 96373
877469
461987
563901
680480
215192
927144
350705
779265
483307
153215
980445
384696
865670
779709
103781
776387
276152
134480
935445
408802
187389
792003
491163
235541
311792
408658
 63747
444765
923551
791969
182666
647142
185545
 56246
829701
531379
576530
 18824
867865
882259
401669
699133
481602
642254
413414
897045
923334
390137
769929
347496
 14741
208696
914728
875112
660763
418484
473848
305583
100086
 65722
935859
629789
737975
369806
705193
 62187
185639
559537
100723
186727
564866
657073
  9211
341575
227489
804706
197203
758169
786333
671992
735141
740662
757593
329350
593883
348536
174173
729175
236562
628208
245327
596603
947620
428681
510033
 99471
716071
231823
959824
140645
721480
229590
291400
495762
858853
 88553
790137
305578
282563
456300
342697
624488
649651
284839
730263
825420
599260
472842
663486
666188
 17689
161623
986048
733515
807466
258957
 95837
798339
204061
410383
911015
339622
165282
689391
642873
123779
996122
735879
228140
262984
165732
936546
520532
617978
223426
511395
244606
759637
827044
 47254
274578
958461
159717
102256
 16577
832254
429996
994473
544885
349652
725528
783389
671009
860810
221891
754676
309038
706412
635906
426735
341533
742325
856671
211720
687263
809577
887796
384273
425454
778001
590704
937967
640741
296747
231621
242437
118880
796000
503782
153454
145313
601635
521582
373721
437018
248168
264863
413874
672633
205236
 89210
461246
176679
268981
212070
828163
 60768
812109
534713
422060
527998
934982
766504
856475
106314
315052
580628
404973
292436
213007
449383
989315
460025
661445
882330
788693
914059
335473
 22047
858619
658008
984551
939918
356044
781150
591008
518354
581563
370510
613049
506006
 70059
505173
768709
189009
387883
200319
822083
133967
127718
134131
744304
627346
831473
612825
439113
761140
217116
507331
946506
596100
137070
829763
667834
471546
153844
208610
691831
324695
482779
768669
743471
832642
322360
825038
626168
296594
269234
360089
282698
450632
598140
468128
761390
796219
676179
824553
441491
638891
676375
764597
845258
734991
 57235
741374
244182
344006
983012
773699
 52942
526018
973655
991279
696993
723981
593910
538161
238400
 26951
917828
904905
549344
 23139
837896
225762
233923
820554
 27328
199217
816200
638239
509496
 68575
936116
352512
340283
533836
424756
520356
867137
556912
166594
696007
392844
769353
598721
307036
842582
595000
545689
962596
209537
259629
843506
829281
137397
575413
867424
628920
987287
760123
645568
887869
132216
579311
714063
298783
 23874
784283
249226
443564
784598
159488
298499
670116
691629
490024
124196
615730
941246
413286
772767
726379
507135
428332
987153
133890
740385
302395
490967
421907
597710
736012
490583
136755
 30057
426567
964875
380758
115471
604632
942220
463265
978137
708285
500516
378574
399743
107674
668337
830154
299839
695409
754000
626990
938609
717931
884182
540591
778495
438836
694875
130135
430362
 97190
184834
618419
  5389
152205
715311
632741
495666
990212
 19766
512516
514430
110672
873356
929393
841187
305066
764389
765823
737437
495797
508589
554467
925483
711823
251863
293564
455834
143562
718417
122263
427936
341660
878457
165186
674510
402564
433312
836882
 71498
418392
645738
 34555
 93653
559403
 79269
941380
600052
904478
752866
612936
604323
538299
 65766
125706
961142
493513
602285
829296
483544
831979
587501
162993
994876
531258
332081
572444
214707
870851
478196
293697
179774
697222
238301
159561
109060
287506
104745
127138
236340
528836
700499
925636
154059
783570
539983
 79965
639144
120250
473802
578345
764377
555955
502370
621084
338197
577785
460774
212900
361333
489516
800853
842566
240388
 64060
326359
131408
956543
573162
273206
126079
251782
512847
569178
861261
165555
246454
456115
924375
931550
346661
912476
 17093
327263
633707
475300
927355
 58304
779136
127986
900841
654874
872639
893939
132246
659642
534207
655995
984427
594212
994591
507703
587431
305663
 64130
634899
669607
815141
 63364
324651
829447
717234
598379
203526
969507
511882
529679
218291
282692
989812
605439
189496
  6388
938020
  8312
992073
141378
983569
499540
546921
470161
351960
934933
843611
503245
680635
674353
156712
432186
798634
809667
466888
774577
560214
195682
852769
158895
403233
984425
280765
616061
292368
735182
787357
819757
102736
201023
522033
948994
301247
577143
498924
234122
991033
337129
191322
791400
998544
780360
295659
 51481
703414
 67065
 90131
943560
737964
827120
818068
  9665
516204
394496
437262
792511
791472
341349
893842
165513
 87331
264036
802948
755026
898126
707943
 48305
242552
 13605
708809
348947
128617
186248
675308
283729
490207
630488
240981
612884
370091
519737
273152
990778
699081
730143
442319
325132
 71184
569294
627554
105387
266832
123529
961777
996496
150810
159345
505339
874331
459178
222341
377168
265001
 33462
691435
669799
842793
260564
 66566
627939
240049
833278
694887
379778
927189
459024
473430
976082
332234
813322
805497
614170
686539
859758
233541
702213
307100
639601
723052
853838
155677
771972
529977
993856
551108
199356
948447
503011
853560
163501
  6124
732947
788116
  3147
351188
282170
829971
127745
158044
139614
734629
440276
868057
174464
863901
557456
977132
479240
432120
407075
883727
757685
176873
169908
 18878
289854
244692
 77581
 94099
  3834
274512
277970
323485
836881
760366
836150
903153
878306
779624
951628
864134
752271
 84276
641513
654081
320731
370075
464478
448693
 65060
262051
341836
245497
439500
184747
169717
250622
 80364
821669
710290
933498
  2000
310858
200182
394877
813867
672057
220673
370357
552602
215917
636945
274593
938819
846726
832622
180631
740424
237608
 41013
524313
452568
830719
305930
625463
688906
494871
492650
825557
519683
459152
813512
155864
489217
833472
532871
970515
198665
625629
872546
905756
149547
669338
651614
859624
  9311
288822
863327
425542
582290
842942
217150
358845
547735
515473
655348
207015
461164
848010
991233
192383
606095
548134
110164
800352
 30302
 47845
624545
296661
504050
135892
480549
574005
197335
742537
776957
311312
588978
616387
975487
418243
492498
200352
757134
132982
111986
487384
 10533
943156
725806
 16561
826023
707714
936747
456194
913054
971870
424314
413025
558749
487702
788197
205225
101916
379782
381494
341773
909458
228193
998107
361926
 11113
580576
900778
505894
873624
 50322
954588
411436
276891
209820
565270
661004
892370
945652
712536
540187
957893
806900
615684
810565
393321
148218
472059
648768
807852
546107
268526
158355
112520
 49829
881923
 22318
870367
317619
556549
931356
 91948
584441
375032
396727
915299
709191
523526
436344
497172
257357
992988
408938
486300
689320
855353
963469
649647
245048
406758
669623
579031
 42663
279532
400095
918225
241370
 90476
946510
219577
858504
315055
668193
364368
975963
855412
196658
462609
623030
204716
348556
285632
580617
201145
435942
578811
716221
111899
105134
 51924
229369
190960
684042
451111
364114
913852
772746
879089
728132
808520
473217
449239
347237
173494
221480
434330
979631
  2814
659135
302159
 15985
121785
361034
418019
499417
878444
522056
737887
413730
732676
898298
516415
408757
738263
396630
910237
558426
222692
711451
369822
580165
935397
318612
882029
183520
557156
953856
450725
861376
741692
426758
684280
488922
795110
251032
996423
553513
689604
108195
720920
702830
354942
603985
390704
569263
 94575
125534
538553
505190
532760
862187
639085
946822
714921
214026
230810
613572
855550
879467
832150
645387
756256
887021
996804
 82236
101138
716111
741515
797997
677504
438027
623243
115179
 66992
500451
942961
847485
505503
377641
909706
443940
419899
813213
111247
241328
615258
793639
306637
570947
208543
707912
381159
611182
182853
372503
285572
429178
871015
730586
919303
612872
768069
 70670
211139
258931
819294
552127
101192
852630
733730
673773
734357
752473
932718
 76509
938144
575356
458813
732178
976769
767355
542486
138191
648526
 40682
552349
611068
 24939
159173
739221
151969
517890
762621
525152
643384
504843
534559
 85619
328565
442504
 38595
626401
623885
255685
975170
 66225
319229
800836
443591
802108
132614
372674
 33481
856353
402647
547503
215272
982514
426058
138288
551139
242202
577415
674233
705776
155418
884272
611557
100668
774176
173385
432357
326026
932504
252253
894899
101317
485462
845142
961366
658304
565670
163851
348036
909811
757870
 60912
218073
662882
620401
686487
268530
436808
167002
450167
350900
154489
763223
874967
808452
 89825
388743
623219
913823
974401
370256
572679
146743
 93424
499135
326077
564516
533921
913907
948429
186768
487445
249651
 43854
141214
655049
334734
507238
298619
354049
149899
416002
262827
884102
855502
563337
875681
 74370
439799
 76657
846847
704087
944482
413677
725006
665547
283249
783370
189568
321594
385000
700214
561013
498922
765325
947521
503152
953993
658286
699259
122055
950185
525033
929678
 54078
792719
 96648
526170
679382
782245
105660
713191
297503
 68421
514000
493675
958027
311605
354741
819309
652057
893771
270776
112095
739155
659037
455676
577086
809621
809685
980265
469756
663394
635313
423043
111373
724602
210774
313397
981880
  4687
 62806
143610
662162
677249
 75776
609003
746209
434206
583706
295108
 98579
 55532
678765
246598
993679
 43830
255665
724772
740794
750120
206915
988696
372392
148754
485628
119697
853139
306988
460604
749708
 53192
638734
102650
 51033
421704
232191
 61629
498443
895115
897507
620461
724047
 79706
 93315
845326
251245
158987
559926
990579
 16096
293905
312172
362367
362802
507476
626327
396740
634528
175340
793228
666016
571649
279846
703669
891432
476547
527689
782332
810636
507411
279726
392973
925308
523084
996506
600256
737214
616795
564150
 92600
 70271
848685
432640
145581
471685
715389
972166
736881
486995
579461
833103
311470
811859
622280
381288
239657
937685
881137
472675
710841
928700
584523
930072
662228
394832
309206
 89526
354491
557761
448506
695102
375278
546771
103254
238128
176690
706547
785229
560658
734273
750796
257454
172758
552778
 53596
426531
269363
 37889
234642
449286
874849
203299
465040
119302
892067
788986
597085
158496
 87492
129201
304449
254705
205276
527667
908469
558338
470350
472637
461734
879441
714386
755951
961924
 11124
238287
447891
276871
446091
311016
723590
476055
250110
896971
736967
784263
  9560
802709
 94559
299905
579763
938753
994371
953480
826662
803300
763763
920936
676418
612084
355616
852197
565875
722214
343470
826855
821381
127768
 93977
907083
584286
840984
 89027
522018
648491
915323
820036
688435
978780
715279
283368
249238
738180
792727
868546
894340
368481
390695
349855
717742
640058
162850
767134
460132
615494
170631
212991
388085
156066
599822
931396
968950
940965
924493
676518
114782
966207
438650
980892
789151
143501
174526
838445
197458
928909
231348
320587
614376
876976
449564
812540
141276
638034
182857
882266
332050
194758
643952
275796
677446
 68575
930054
170454
396089
817381
369948
611435
844581
393067
277111
  7366
129602
830700
541873
666946
181688
300743
750507
621433
633363
771559
680292
396721
333570
401472
 86948
973917
225843
308007
674504
908791
619430
546501
 17504
468161
590578
971075
991637
685217
365448
148044
961219
435999
 56651
645173
570607
995655
 52117
829730
491501
 45857
688075
774121
889240
773624
577115
989974
688543
527075
107858
489841
942830
475015
184506
110260
741087
854990
232528
120757
122419
688378
861039
890405
410788
291294
342897
786923
231073
516495
250324
542813
222477
424221
166856
 38913
126440
998800
385684
827758
493587
603075
899969
747506
727880
 94151
792444
661727
566043
911635
339658
701191
376424
993510
760450
380850
853880
 74978
558752
618535
785873
782033
837598
991458
569877
944241
794189
532432
 73293
720135
845153
989786
244493
453851
476640
753276
607206
663029
965629
582867
400379
195768
576858
868077
661745
388294
704038
392637
995747
  5258
694506
482565
115060
850990
773257
975288
499884
202735
565267
663301
680260
635859
204318
737897
714091
386196
912005
286834
407160
126137
232391
 84371
701315
918798
815767
752933
443135
158509
759245
872721
437779
506080
 32400
768921
291333
183747
442966
515717
 49868
507389
930563
162154
 54558
202551
715717
306944
749568
876022
976929
927658
403087
996126
280315
804285
831731
872626
944337
967978
254702
421037
886412
352883
346450
946384
268694
232245
405231
787855
437064
 79584
309829
428512
230403
211516
597860
593148
726453
940920
566419
932614
886086
997401
769519
124323
359569
656645
666609
606407
926405
361017
462605
706873
654606
610864
372261
629364
885741
559298
640331
613541
578877
 52780
653845
600792
379530
825691
393985
904954
 19009
179098
292387
712890
295025
752275
280376
721233
936220
930110
449483
853304
111266
 20320
277747
794130
207434
581500
818685
 31727
774053
186338
598441
199215
203043
463888
221515
775057
801682
480639
846595
617646
402074
392158
761412
385658
547240
825434
259155
627050
595557
636593
898880
207247
793242
529509
 18474
791052
478868
517852
 61114
292949
104376
366510
874797
566982
683831
957812
649405
120031
614155
993862
566892
301283
551357
568325
557576
245876
171243
919355
779128
832162
195408
109897
564766
 49694
 21249
472436
623267
469016
659063
402338
215806
954531
449756
487222
883258
368144
213460
 19409
 52494
774092
 62380
654285
511311
574313
100413
349496
309047
 78906
627634
748225
113539
247666
269465
854342
434995
726381
658372
188071
413439
845542
910179
607869
 58824
949261
157611
637532
931499
278713
830423
447124
255620
647028
204489
602141
369216
311581
981461
317379
232022
774775
306167
230320
435797
725865
680600
643406
791750
974091
691433
775382
105830
 17303
332198
808981
194990
840470
971802
425529
546211
644915
697803
 76623
274923
471799
845885
458854
200597
102339
 16205
529619
924680
192431
772827
930387
769669
330784
524187
868350
317989
597400
790562
348216
 75501
243130
178749
142965
476821
311289
904702
 45717
 48291
378701
631595
754423
 49293
106292
723817
206918
323761
958250
756652
305938
411118
274002
266894
752031
189482
858677
281423
136856
453893
395443
118765
540186
868432
277021
322925
621004
673484
903906
359270
596397
378042
103252
879026
561528
421811
 85080
941944
319784
453033
271399
575935
264262
435304
409052
448019
880095
270314
608531
222646
121658
  3309
338671
391499
259553
964215
951148
973104
789303
389732
  8826
501113
647049
170363
548489
146878
287060
371201
421178
654910
141740
 86448
 22297
  9133
606858
  5017
 48843
393289
973044
788187
402575
 60660
659175
990195
995602
186238
694103
788751
  8867
638768
640223
234857
104131
880567
 55718
 79951
196579
879804
151891
493268
657801
  2913
517796
143446
237893
344088
656464
185794
570588
844301
605345
670267
856792
854049
 98141
765067
209590
502045
566039
976944
187721
346328
773411
241630
244729
304759
 36391
356491
177443
788651
782280
732349
170126
296274
673566
852567
699582
462232
642422
144878
391709
704232
959854
195059
901420
160502
898245
361444
 25572
569143
636857
885395
552455
104939
806938
535248
801623
959681
476387
669853
414267
628780
433500
362755
717043
450009
345149
889150
901208
929400
736812
445158
334099
784907
770197
442598
551467
440133
478756
102291
866833
908483
462231
355103
 78018
622323
 38428
252281
451161
782259
503734
185288
 19005
228387
463475
220219
242919
668398
159015
763024
257076
336655
340586
589120
238378
803870
513152
994648
927211
708797
317159
456467
961759
641317
396896
724152
482571
270589
356191
709616
414296
 82425
304555
888622
937889
766819
 56412
183338
929352
379558
261886
456206
559957
891106
619698
812788
828147
631458
851030
884897
524717
441417
297790
145171
 20600
 48767
849532
 90415
310499
302051
400358
823401
945844
415185
190450
161453
846940
302901
196432
905021
496931
420009
200618
310594
689101
256731
291237
129671
824252
787865
324065
799151
736336
725298
310466
498383
162222
381396
787643
824240
265416
315054
974013
777992
 73744
702692
915877
606345
297469
553251
891204
793933
756991
469247
 52086
165665
568238
645194
659562
624708
309037
190219
292789
525531
621217
663452
 99117
 61314
 90871
918777
492445
331156
793172
969789
704321
944899
588311
606314
245539
122023
111590
920604
645581
245941
413374
734316
803065
746169
373589
156667
902433
998215
340605
149647
130418
654665
925817
 27916
360421
450848
522925
279063
563743
 64558
914862
954113
953671
 51728
281499
148706
771763
228569
 27727
772129
185225
125558
114185
884372
980114
299824
991876
370651
607147
359827
817073
618347
665235
529888
354402
163072
 92438
461990
863654
978562
174820
788408
309834
199374
980799
601131
436153
585877
981882
642619
596120
967752
430248
497391
753552
235263
529458
485010
728326
186794
556663
272446
590832
686660
872974
447435
 89565
138969
193240
424309
133981
241299
577314
 89932
648696
346227
351924
539746
565274
529265
575624
102554
324335
638474
718841
607584
 23378
184089
946871
508468
264680
915713
765746
 46186
832804
330138
819198
106634
562721
154642
309543
808384
147235
 58594
856105
142310
176327
460458
601886
177147
401271
317806
 32488
443700
 72770
214693
280905
115263
215108
893781
657559
512993
867204
619817
767089
282316
646699
406615
851688
310105
474628
191431
935343
 82251
935910
498629
934197
717374
544879
998801
145269
354788
135219
640000
429131
923520
700165
704524
961690
573983
271478
227664
646043
215129
844689
704120
147455
667210
933275
903279
 42822
913954
 65884
916307
760548
817847
428426
266019
827598
448303
896788
 24758
437542
864946
906122
405988
506747
796811
959106
222120
195419
163173
 88278
934034
336040
792865
256470
757070
333802
 16286
504594
433740
881959
 27968
637442
835184
269610
 47452
375882
511381
150206
342320
197784
674423
386189
119669
540165
869618
988454
140899
641538
765991
228929
669580
 66107
 80723
720351
 23330
870423
641360
629420
567957
448280
985101
217821
465811
321113
696245
590157
870141
528818
890905
868692
543384
819896
872299
 11840
 69721
539976
   516
146676
930833
974267
247323
595300
718716
912135
739672
740736
670488
370980
834759
500065
527573
741778
915028
450877
445218
100078
143264
591627
308225
 63971
875925
307380
344890
374458
297121
359409
373524
323880
106156
620521
364584
264474
768301
837487
256302
691855
921501
917803
122836
817133
 20922
110089
861368
116608
198822
975724
538190
 79393
618918
233902
413697
261031
312490
403131
452358
795123
597674
659219
816109
715160
703932
483173
438235
795218
150431
481955
279714
130844
760079
230889
281093
350443
930218
108573
340405
172630
926488
873472
871194
  6497
518116
165939
624676
429403
230931
210228
496133
670863
858613
738141
978057
681314
643228
559264
771181
970945
712854
262310
819427
166524
947094
247942
695904
153049
430546
665461
834519
742295
 49804
854127
575351
 41722
591315
574402
371857
 84961
905436
655256
794081
828985
316285
680727
154445
323311
477485
992265
681321
712997
300671
592934
170464
749912
416624
505404
955528
655675
868156
757692
856266
504904
379395
448970
486637
778796
597841
282297
934949
376807
163617
541985
364279
168131
324551
740338
523794
114851
 86278
 61866
510256
105120
563265
292616
373837
897384
279707
138096
323537
995636
658471
705335
354866
850872
831799
452943
 96076
515358
209211
 97604
549129
764032
946079
806255
187717
741292
570600
500281
567011
391624
547377
251359
198482
288969
482615
558185
947993
992432
  8911
759098
626510
724848
126906
957718
760150
995975
926542
617034
749935
773458
162449
411910
761478
942467
115996
 20858
720987
 88812
540778
284939
736334
 90561
258828
565020
110586
609620
151621
188144
870263
337419
872905
589631
391728
767837
599689
129564
276502
345619
533202
590654
 99922
 70072
663410
 49041
 37435
 21447
518675
150417
658984
821397
236399
820907
374281
739103
311014
 95491
110444
 11072
802425
 56299
808303
955341
621029
838945
234871
629741
744679
287122
426809
109088
868486
114023
803377
937605
 40102
363695
617236
950566
291131
556276
947596
453124
139573
148123
882593
694447
108729
841168
886411
681763
 84728
835400
601541
641580
417864
334196
497712
854326
162190
484300
846401
163811
743295
460554
473471
194400
646000
590077
622363
196436
421653
251377
 46405
484447
429023
780999
141179
632813
243253
773577
526521
950069
594112
970763
992624
265666
 27803
400332
135813
731987
225809
548799
327002
169612
 59800
129235
879399
465245
 13373
440527
411987
669443
559380
405144
441377
735204
445905
119558
177061
288696
614411
154760
343681
429819
650360
903911
608858
323031
249619
989976
856220
257759
173216
118246
110671
932971
558506
787010
396578
951885
256599
954158
189414
900507
 73865
 98368
407560
927630
409630
110562
 83321
444126
802657
104660
950864
415799
325777
546206
193662
736772
601040
 63307
505156
339325
447006
926325
433749
 21284
815326
461163
706838
453524
725489
595486
858532
467838
364650
328087
 21780
519359
383680
158650
188046
167928
691132
418499
586308
529258
723511
  2477
 88003
909403
253314
217943
705722
255023
285508
338909
320803
627117
488650
981701
748621
637337
908607
603063
130254
673696
420834
262471
425333
786432
491436
287466
473272
304975
337743
634165
688709
613423
505869
544657
961851
 24617
215784
568827
745586
361852
563607
140198
628575
682466
816418
673738
917177
558975
586587
588112
878964
471146
630644
745705
336684
156310
381992
550795
243930
215449
 97228
349592
722416
878998
672644
835415
795617
599041
770454
878104
714683
 53485
883560
568845
339921
223014
363186
299875
514754
433075
235456
383156
748963
640817
841006
 52868
814161
790878
945976
693694
 46791
764099
993230
790145
252628
299679
589429
401786
111602
283997
156564
935011
892907
968270
915823
604094
107765
  2390
 17200
252585
450800
653767
679956
140652
 10915
217661
667114
894821
268650
419452
281372
 63626
839412
559498
340364
626001
270589
257657
265942
358811
455442
917257
505154
185752
387810
447244
989865
501911
 49034
356425
237463
996597
192153
 65182
996861
681629
668288
167710
 52001
673086
726290
421789
909342
771593
409082
443300
616291
 39534
768782
439130
884343
383161
127553
824801
 23642
613388
 22292
242136
934992
581116
788613
317410
550809
761273
963239
481959
668297
 94311
813805
314834
 76109
984731
341169
161094
240041
103267
 41766
229499
583785
 42693
566124
979804
577556
936774
164575
372577
430388
867714
472302
473379
171165
259517
753282
978357
298970
482998
196269
459753
985065
582759
235887
517496
 16859
377251
158019
567029
288442
180125
441048
693687
662804
 44393
383165
860411
457590
740491
570819
768257
639267
645147
654530
838114
 49825
340042
715670
107252
635650
997558
231427
315744
699963
565499
275096
 95516
658224
353454
124911
968716
640156
870579
897083
812309
552562
667889
167279
552207
893857
497683
799712
112993
694240
318605
364103
 68200
444706
546872
588190
 11316
773589
482526
267076
399145
931098
 24157
930584
506822
850294
626338
355952
177754
667248
951113
705534
251926
103599
818165
667860
912485
 41495
867885
485241
703181
953922
817390
162279
638223
592661
311576
466995
651262
481643
149642
559943
611705
315217
102087
216537
274212
318852
623981
643977
821216
994063
517413
836526
108469
439848
999313
261522
330082
619686
690433
423402
582212
526155
757074
514146
723500
184480
809239
925916
  5553
831843
187198
875323
178226
411018
953013
768619
162112
724940
244419
223249
924666
213043
645497
853584
896497
330710
881920
 27286
120888
939977
458093
803639
342234
952575
819377
176313
408089
705713
244600
560408
684660
196475
952418
187267
667060
352477
839651
700419
603331
974434
860529
782149
745160
850547
302857
 82581
788456
813121
120445
 71784
173348
184601
 40694
690297
175907
143186
382056
834609
142799
 27484
388181
781500
795317
495144
413845
628783
260627
752165
482352
709895
375820
777607
574914
725875
854258
582673
509579
 30685
103936
 63625
420609
104447
843980
934798
658762
754059
178163
560928
398780
991776
453194
247320
362421
859734
 54785
691848
843719
692027
275916
854568
657726
435821
529431
458708
724785
689137
471032
701078
749489
 55302
 48928
520441
856769
262707
102872
949132
107153
253400
897964
656247
529022
105164
897603
779963
677811
219116
155103
542047
760366
678502
934993
939411
 47281
 64230
562675
 15525
636843
298851
 45069
828798
631275
283022
705087
255536
439311
187185
929197
191814
228684
266024
140058
551669
517932
974428
275126
698197
519022
981058
377349
589733
120572
399249
385515
974974
336053
184862
849478
428959
632161
186834
 89485
886068
799626
778565
268980
596694
932024
346894
956719
111025
637767
170316
 16738
976363
826228
379222
 83644
323662
281045
758324
455901
414499
761977
125049
971229
521413
561239
897606
315938
222596
281072
252501
263929
306142
 96364
963725
541355
999587
919487
614428
369300
167229
694044
376784
249599
450720
510075
966897
227827
 67683
355314
698974
692686
128613
 95446
786611
752488
884082
710832
168950
367086
272271
908043
175560
707592
501114
971574
286317
666390
169845
124451
 91161
 46407
611498
726016
309503
721297
720916
350967
390191
977138
522079
165849
780312
321449
124085
 47461
424771
276753
516854
572249
438421
 63643
865645
346566
178706
622213
577738
144740
139120
120954
435127
975224
182440
958623
513835
504676
637566
277305
443488
235613
694929
173847
799994
455382
352831
122001
 69739
252499
890687
599104
675438
830969
475033
548775
 11772
944037
 40317
105091
303251
515876
 28825
953868
367189
423049
922783
813151
 41488
967146
756521
777674
119901
785816
957717
691032
126710
821492
934156
284482
158284
495418
796034
552745
320703
419164
483735
724855
   670
816639
357151
232088
321187
326660
994978
275158
653958
  9491
551072
949326
987275
190305
519824
398787
281117
238360
173637
140591
680471
502738
252990
523620
603380
403835
713200
269516
271994
114330
461850
180217
212891
354225
 57038
390641
617204
571566
278927
995312
221598
183818
335749
484118
547900
614425
220281
185119
922170
574889
393942
831251
683302
414793
543063
442982
386714
390514
625480
950397
610459
387922
805525
365916
179091
975202
161577
862767
234899
658996
242766
814546
606586
870385
650011
707644
352280
516803
821491
850994
186732
901791
113752
976571
741830
436572
 87070
149241
255068
845746
627274
886018
332360
503986
166176
 22486
889602
131412
798834
658070
241634
322415
538282
462052
577775
286015
297007
728673
739859
735392
439296
832346
301686
 80084
909750
152955
438103
946372
 10623
116426
967386
579733
874277
727164
252403
867792
556932
856697
354001
563015
466031
596753
944350
781482
525898
185261
  8471
  7383
 85031
370136
288930
642437
 73223
588469
761695
605293
327874
  7655
170413
607998
326195
300184
791852
514970
783680
  5288
157051
624467
709080
468311
410678
803373
542248
642622
355391
153184
943621
489101
998499
288399
652718
314631
594958
368104
587932
153784
763773
737337
 21017
216782
244112
406901
227062
502037
252951
628626
484363
903013
207849
507626
678511
526843
786413
933934
 51113
486096
908326
112967
825983
125253
246275
627591
544241
499935
298897
274118
944657
939591
891854
880410
136719
693315
212437
936307
631251
983641
128548
144932
517090
274643
594740
938009
702166
198320
405938
589111
673502
377212
423764
805872
672993
331408
670878
585486
534503
764507
365511
677390
682657
785830
 51364
212867
954863
 45103
467328
933353
975486
331038
696952
977560
784703
916672
439390
372109
304481
822032
951514
211166
 10230
208637
325178
  7664
869076
320530
284116
851995
204338
743000
611697
823653
650656
262834
653790
567101
775371
282880
 80246
 65216
259130
568923
233989
422004
752321
 88287
948506
900807
653831
837298
672498
555097
 94749
848672
104727
535967
352021
 20106
312600
563794
765697
 11766
484801
111096
988291
223092
 51252
559431
 55899
778268
892999
965252
338135
524895
760071
 97968
897534
281883
817154
 98007
168977
960217
444914
443516
155842
724261
 39070
911398
531926
 61410
569814
871709
136854
484365
 90941
563994
357557
603007
221070
969982
799531
471786
858557
519120
468984
443717
 37270
141746
410595
243561
882085
119264
375511
610430
 81024
771530
630321
654001
155195
268696
460146
 18760
 78182
758097
267594
 57072
473329
556342
424255
474648
700338
372570
192479
330859
631876
400924
102635
851573
816384
648603
144618
243648
 25048
 50420
 12298
587877
888895
761633
425718
931147
446229
517860
248232
898771
941142
104229
714410
504386
140585
785488
589429
347514
770494
 14582
491770
 57824
410715
859338
928471
670327
334008
365162
815776
597194
326119
506238
387929
999555
481976
468580
432983
656621
337269
755275
736881
879621
465216
  7674
465700
624539
845066
495765
970823
720289
891886
946861
162951
 47939
 26460
753746
168242
581781
 59606
631782
453491
434484
467013
479031
987158
436274
838661
534270
289179
322018
401193
924853
414883
300300
532078
349678
 16961
634998
611178
952126
634315
882598
388349
403589
267775
597390
284939
840367
120010
641931
692581
574946
100633
721549
384408
437297
327351
399415
611864
192638
390176
642617
324489
729158
588061
899874
220627
612555
695983
817981
 13702
163773
 75371
966769
381768
432167
101904
361302
557250
308395
952097
145228
409344
549640
763713
530668
173268
674354
 64933
977692
688587
524525
153351
640388
123066
790544
798220
306740
679054
947060
238048
415957
706113
857795
950485
249590
976656
773103
 82600
 61739
620573
566129
747027
738830
360385
831737
613080
560881
240159
906966
351830
773905
999493
962571
530275
976997
608083
 62287
492091
777887
246915
489778
611122
777161
198898
702794
 58627
704062
694716
989888
886421
445722
748998
277102
795474
786866
417345
560379
433116
908491
706570
123985
441917
 81698
578474
 46093
769417
536817
101763
489716
940275
188148
827203
930506
 91051
751096
887878
782526
572687
801164
159420
848884
836918
493229
 54339
646222
140205
984692
170083
930362
322431
 87578
 62234
684976
547461
312321
872219
425969
428833
259935
403216
921345
406194
269464
508412
329634
586758
334043
332531
319527
520922
561605
 30573
949206
542328
875206
 76957
955897
370029
223147
173749
634518
644058
300504
 68451
668855
945567
671383
299791
119520
638864
225157
  4262
270012
565029
100136
436615
185529
215435
564570
784306
648748
518397
857584
188884
602603
783269
661575
626581
352172
663738
702811
445854
556094
225650
958418
911403
472518
334626
 85614
 62191
 15394
614833
983023
555243
924003
172668
844090
937527
751918
127742
669039
964949
441189
748436
964549
170539
963342
650441
279240
873127
880861
 84055
298267
213337
711141
809672
451771
605479
659475
440755
379618
201932
628448
419736
138805
580854
408192
984655
740127
888581
605270
583000
457113
 94821
177531
194065
362954
851771
408091
932312
720097
687521
773680
121577
172351
909641
440894
753598
170816
646592
 58487
874247
702636
912608
104632
976940
185524
445955
295170
925130
341187
340996
462180
274388
967263
171220
871769
119455
790013
383428
165802
752821
999041
232513
984378
488723
640419
421778
854153
980111
776120
915502
112191
236016
205301
 98464
475869
332878
586950
571395
366379
505777
  3603
391847
246751
904135
362279
496696
 44843
801370
541467
375544
197591
459071
861973
803505
974874
163679
284597
587405
519668
177288
719072
831135
475740
474038
966394
183966
164941
169747
110616
899832
 23244
494768
626361
306136
407975
  8720
 74776
457380
948274
510613
 23330
331910
326625
759022
743809
919367
751383
684342
318044
941887
408522
248805
 12389
753902
865430
489801
169608
173374
740371
568196
410824
611552
948308
835710
640355
888863
487120
 34064
202700
551295
 37795
743469
553658
334646
618004
109190
976486
663257
150557
692264
199207
715373
 86512
 14127
250625
639021
157338
994749
530297
960308
921304
 20028
861650
 90291
 16362
816590
247649
107093
935110
660725
154840
666684
696983
703151
414298
978768
  8640
352340
246972
273443
375611
726602
496079
 79865
156534
158707
880679
939839
735951
616726
972242
887323
832392
690895
639954
139055
455580
488718
910732
962030
179909
379097
546331
610327
210894
 31245
152652
556759
187145
605180
305274
984123
782459
268057
   458
646287
950964
434177
722302
761147
 92801
256422
554405
555475
508675
932989
 58391
445938
258650
335675
 91776
611088
943900
314601
344167
885859
989693
789157
133431
493142
723709
396062
922442
116246
915848
 32826
 92206
211558
474042
108545
738604
262507
675096
693820
647686
883894
650466
 47741
148411
299947
843908
192258
241893
739956
811275
302882
262703
722094
 42292
689557
340414
 29048
449986
 52670
 98581
418328
795488
516542
353502
755658
594255
666393
 56564
311567
984356
444638
361683
419354
628232
298514
493274
556817
966472
413424
 40398
184674
 45411
215006
409169
351346
699974
577824
428208
156784
 88978
339720
520859
657279
452184
788222
433106
688701
486718
759069
237538
387383
925041
866778
221449
895842
737478
173301
311056
854835
879371
293236
884057
803700
656257
532652
179171
537745
590036
163493
 24000
804411
134914
346655
271510
459219
713975
534211
160610
348008
325557
404883
797763
733740
403188
516767
 94249
 44131
703628
897417
787654
 80659
744682
733809
626356
599982
717715
173311
402206
355561
859413
  1697
279323
270306
983134
625339
785847
400299
242258
352129
910704
745172
226296
439304
978870
762473
175042
756208
366318
651346
436909
196199
659797
 85139
294660
164252
566751
 93027
935023
565478
737165
217522
648318
724617
671806
907735
309973
577750
 60266
347521
817929
294815
217426
563131
438235
215153
768386
706784
945689
608220
369621
870538
 37236
307694
 48052
649135
742871
709620
689927
940971
462138
973848
317840
153135
813869
522922
 56936
 59427
702643
 93683
110258
 49560
877511
664272
638425
403238
786833
552800
170249
524565
717689
863885
 58608
780254
 49089
245363
539834
699340
945329
609852
155060
812653
969120
 74515
648438
337009
903725
877219
969817
242139
539118
438437
678412
977583
299286
 55614
869215
282332
366094
940357
725308
 51721
389709
438695
936974
194105
966404
310769
522410
774100
811621
888721
 35069
509679
959512
780161
749081
867171
379719
539496
176922
581230
118013
390514
192427
416070
439434
651008
107436
379808
480948
983878
281837
405482
605155
978996
234413
720339
987446
856278
765911
739234
966048
272777
305880
338499
337725
315256
551320
793389
 91489
764569
477860
495228
 38467
629314
973117
803632
418157
763623
667112
 34686
839632
107548
 16039
637733
850805
718432
333382
 71410
 19703
297748
256337
753853
658751
360294
 85677
732472
226420
541253
543639
395490
   113
791522
757123
630404
830032
372832
692419
323834
655821
631576
842906
992682
996078
503885
702558
638325
805444
584394
445853
623547
934757
377232
278565
486180
926849
 40215
124165
123940
 33893
531781
666965
711683
151737
575161
285852
 45340
832547
265349
 81404
746016
659080
46187